0
1
3
4
5
6
7
8
10
12
19
22
23
24
25
30
31
32
35
36
42
46
52
54
55
56
58
59
65
76
77
78
79
80
81
83
86
87
88
91
95
96
100
103
105
106
107
108
109
115
118
120
122
123
124
132
133
134
135
136
137
138
139
140
141
142
144
151
152
153
156
158
162
163
164
170
171
172
205
215
217
221
223
240
243
244
263
383
384
389
393
395
400
405
406
407
408
409
410
411
412
413
415
418
419
436
437
439
440
442
443
444
445
448
452
467
468
473
474
477
478
480
481
495
497
500
501
504
505
507
511
514
515
516
517
518
519
531
534
536
540
544
545
551
567
572
579
580
599
600
601
622
623
643
644
662
663
664
665
666
669
696
697
698
699
707
710
711
722
723
724
725
726
727
728
729
731
732
733
738
739
740
741
746
747
749
751
752
753
754
755
756
757
762
763
764
765
771
772
773
774
776
777
778
779
780
781
786
787
788
789
790
813
818
819
820
821
822
824
825
826
827
828
829
839
840
841
842
843
849
850
851
852
859
860
861
862
863
864
865
866
867
868
869
882
883
884
885
886
887
888
889
890
891
893
901
903
908
909
916
920
921
924
925
932
933
934
935
936
941
947
948
949
950
951
952
953
955
986
987
988
989
990
992
1011
1012
1015
1016
1051
1052
1053
1056
1057
1061
1091
1092
1095
1096
1099
1100
1101
1107
1108
1143
1144
1145
1221
1222
1224
1225
1227
1228
1229
1261
1262
1264
1265
1268
1292
1295
1296
1297
1300
1301
1308
1309
1310
1311
1317
1340
1343
1344
1347
1348
1379
1380
1381
1383
1384
1385
1387
1388
1411
1412
1444
1446
1447
1476
1477
1479
1480
1481
1483
1484
1498
1499
1503
1504
1505
1532
1538
1539
1561
1563
1564
1602
1603
1604
1607
1608
1704
1705
1706
1708
1727
1731
1733
1749
1755
1757
1782
1783
1811
1819
1821
1822
1823
1825
1856
1857
1858
1859
1860
1861
1882
1883
1886
1887
1888
1910
1911
1913
1914
1915
1917
1947
1952
1956
1957
1967
1968
1970
1972
2002
2006
2007
2011
2017
2018
2021
2022
2023
2026
2027
2028
2029
2030
2043
2053
2054
2057
2058
2059
2062
2063
2067
2068
2070
2071
2072
2082
2086
2090
2091
2092
2100
2105
2106
2107
2108
2110
2111
2131
2132
2135
2136
2164
2165
2166
2167
2175
2179
2182
2183
2184
2185
2186
2195
2196
2211
2212
2213
2214
2215
2216
2245
2247
2248
2249
2250
2251
2252
2282
2285
2286
2287
2288
2345
2346
2347
2348
2349
2350
2351
2352
2353
2354
2355
2356
2372
2375
2376
2377
2379
2380
2393
2394
2396
2399
2400
2401
2403
2404
2413
2414
2415
2418
2419
2430
2436
2449
2450
2451
2452
2453
2454
2455
2456
2457
2458
2469
2471
2474
2475
2476
2483
2486
2501
2504
2505
2506
2508
2514
2515
2516
2522
2523
2524
2537
2538
2539
2540
2541
2543
2555
2556
2557
2559
2560
2561
2562
2563
2564
2570
2571
2572
2573
2585
2588
2589
2590
2591
2592
2597
2598
2599
2600
2604
2609
2611
2612
2613
2614
2615
2616
2617
2618
2619
2620
2625
2626
2627
2628
2630
2631
2632
2635
2636
2641
2642
2643
2645
2646
2647
2648
2649
2650
2651
2652
2653
2654
2655
2657
2658
2659
2660
2663
2664
2666
2667
2669
2670
2671
2674
2675
2687
2688
2692
2693
2694
2695
2697
2698
2699
2700
2701
2702
2703
2704
2705
2706
2707
2708
2709
2710
2712
2713
2714
2715
2716
2717
2718
2719
2720
2722
2723
2724
2727
2728
2730
2731
2732
2734
2735
2736
2738
2739
2740
2741
2742
2743
2744
2745
2746
2747
2748
2750
2751
2752
2753
2754
2755
2762
2763
2764
2766
2767
2768
2771
2772
2773
2774
2775
2776
2777
2779
2780
2781
2782
2783
2784
2785
2786
2787
2789
2790
2793
2794
2795
2798
2801
2803
2806
2808
2809
2810
2811
2812
2813
2814
2816
2817
2818
2819
2821
2825
2829
2831
2832
2833
2834
2835
2836
2837
2838
2840
2841
2842
2843
2844
2845
2846
2847
2848
2849
2850
2851
2853
2854
2855
2857
2858
2859
2860
2861
2862
2863
2864
2865
2866
2867
2868
2869
2870
2871
2872
2875
2876
2877
2878
2879
2880
2881
2884
2885
2886
2887
2888
2890
2891
2892
2893
2894
2895
2896
2897
2898
2899
2900
2901
2902
2903
2904
2905
2906
2907
2908
2915
2918
2919
2921
2923
2924
2925
2927
2936
2938
2939
2945
2946
2947
2948
2949
2950
2951
2952
2953
2954
2956
2962
2966
2967
2971
2972
2973
2985
2992
2994
2995
2996
2997
2998
3000
3001
3087
3147
3272
3276
3324
3450
3467
