7
9
14
15
19
20
21
22
74
76
78
85
86
140
141
142
145
146
150
196
197
198
261
265
266
267
280
281
282
283
284
286
300
301
302
303
305
306
307
309
310
311
388
389
390
392
393
397
404
405
406
407
410
411
438
439
441
442
469
470
473
474
508
509
510
511
544
545
546
585
586
588
590
640
641
642
643
872
873
950
951
952
953
954
955
983
984
985
986
987
1462
1463
1466
1467
1468
1469
1493
2024
2025
3147
3148
3149
3424
3425
3426
3427
3428
3429
3430
3432
3605
3607
3608
3609
3759
3760
3838
3845
3846
3848
3852
3902
3903
3905
3906
3907
3908
3909
3942
3943
3944
3945
3986
3987
3993
4050
4051
4054
4060
4061
4101
4104
4105
4106
4107
4134
4138
4139
4154
4155
4158
4160
4161
4164
4182
4183
4186
4188
4189
4196
4197
4198
4199
4204
4210
4213
4214
4215
4216
4240
4241
4242
4243
4335
4336
4354
4355
4390
4394
4395
4396
4410
4411
4413
4421
